# Dodecahedron (правильный додекаэдр) - 20 vertices
# Using golden ratio
0 40 40
0 40 -40
0 -40 40
0 -40 -40
40 0 40
40 0 -40
-40 0 40
-40 0 -40
40 40 0
40 -40 0
-40 40 0
-40 -40 0
25 25 25
25 25 -25
25 -25 25
25 -25 -25
-25 25 25
-25 25 -25
-25 -25 25
-25 -25 -25

# edges
0 4
0 5
0 8
0 10
0 12
0 16
1 4
1 5
1 8
1 10
1 13
1 17
2 6
2 7
2 10
2 11
2 14
2 18
3 6
3 7
3 8
3 11
3 15
3 19
4 8
4 12
4 14
5 9
5 13
5 15
6 10
6 12
6 14
7 11
7 13
7 15
8 9
8 12
9 13
10 16
10 18
11 17
11 19
12 16
12 18
14 16
14 19
15 17
15 19
16 17
18 19
